 2020
    January           February          March             April             
Su     5 12 19 26        2  9 16 23     1  8 15 22 29        5 12 19 26   
Mo     6 13 20 27        3 10 17 24     2  9 16 23 30        6 13 20 27   
Tu     7 14 21 28        4 11 18 25     3 10 17 24 31        7 14 21 28   
We  1  8 15 22 29        5 12 19 26     4 11 18 25        1  8 15 22 29   
Th  2  9 16 23 30        6 13 20 27     5 12 19 26        2  9 16 23 30   
Fr  3 10 17 24 31        7 14 21 28     6 13 20 27        3 10 17 24      
Sa  4 11 18 25        1  8 15 22 29     7 14 21 28        4 11 18 25      

    May               June              July              August            
Su     3 10 17 24 31     7 14 21 28        5 12 19 26        2  9 16 23 30
Mo     4 11 18 25     1  8 15 22 29        6 13 20 27        3 10 17 24 31
Tu     5 12 19 26     2  9 16 23 30        7 14 21 28        4 11 18 25   
We     6 13 20 27     3 10 17 24        1  8 15 22 29        5 12 19 26   
Th     7 14 21 28     4 11 18 25        2  9 16 23 30        6 13 20 27   
Fr  1  8 15 22 29     5 12 19 26        3 10 17 24 31        7 14 21 28   
Sa  2  9 16 23 30     6 13 20 27        4 11 18 25        1  8 15 22 29   

    September         October           November          December          
Su     6 13 20 27        4 11 18 25     1  8 15 22 29        6 13 20 27   
Mo     7 14 21 28        5 12 19 26     2  9 16 23 30        7 14 21 28   
Tu  1  8 15 22 29        6 13 20 27     3 10 17 24        1  8 15 22 29   
We  2  9 16 23 30        7 14 21 28     4 11 18 25        2  9 16 23 30   
Th  3 10 17 24        1  8 15 22 29     5 12 19 26        3 10 17 24 31   
Fr  4 11 18 25        2  9 16 23 30     6 13 20 27        4 11 18 25      
Sa  5 12 19 26        3 10 17 24 31     7 14 21 28        5 12 19 26      
